# Created by Octave 4.0.0, Fri Aug 26 10:32:46 2016 Nepal Standard Time <unknown@sarasumit-PC>
# name: Theta2
# type: matrix
# rows: 3
# columns: 11
 7.861449750587181 13.95004844004844 4.338749305903311 0.5028239679877222 5.135774286456022 4.675128737256344 -4.137553606981002 4.347145346469427 -14.0451653305422 -4.739258733951764 -27.14206238451708
 -8.239562770031455 -13.09611791050143 -4.748259735988661 -0.5306866603693183 -5.020522527016175 -5.226464635564052 5.112175941937713 -5.467640361196551 13.77035880942385 4.697419600692486 25.87222123348167
 -3.780214009786044 -1.798551311033077 -1.911573142968768 -2.282839068934693 -2.253888252731866 -1.946080870425336 -1.985133960865819 -1.888055345143634 -2.248609438205905 -2.132132860232121 -1.970289768485627


