# Created by Octave 4.0.0, Fri Aug 26 10:32:46 2016 Nepal Standard Time <unknown@sarasumit-PC>
# name: Theta1
# type: matrix
# rows: 10
# columns: 3
 -5.494631743645065 -0.5043982130350411 17.70575853723041
 -24.98936927794069 35.70289186260746 -0.3488256230306057
 -9.960470504912646 15.96798681442101 10.94162455985622
 -4.631672602361665 29.72125702263519 4.51523328920001
 11.91162124948248 -17.23952581344826 0.3899320134563098
 18.85800195828692 -0.08772852381049513 -23.57380789368662
 16.42013629855612 0.03930647088676914 -21.6256105583406
 26.9648738793891 -0.2943764826397617 -69.57818211741888
 -7.687389432022248 46.08801883482523 6.230228058913323
 -12.68560319597706 -0.1562460204487748 34.84037075721429


