# Created by Octave 4.0.0, Fri Jun 03 12:48:13 2016 Nepal Standard Time <unknown@sarasumit-PC>
# name: Theta1
# type: matrix
# rows: 100
# columns: 6
 -0.7788157541753996 -0.002535749995967079 0.008767380116807994 0.614624288056652 -0.6081923797177765 0.3525096979435233
 1.351083168281867 -0.00831740638907512 -0.002064039743592829 -0.007796136512163073 -0.01384952541388495 -0.8836629088304271
 -0.7788157541554891 -0.002535750092815633 0.0087673800106116 0.6146242880759429 -0.6081923797008817 0.3525096979729178
 0.7788142646022798 0.002535980198175139 -0.008767097953824977 -0.6146243895787418 0.6081934179403474 -0.3525106735595774
 1.351083168332164 -0.008317406346143733 -0.002064039705340984 -0.007796136508544157 -0.01384952540976256 -0.883662908774539
 1.351083167518756 -0.008317406729815686 -0.002064040119976881 -0.007796136126480917 -0.01384952503261156 -0.883662909450826
 -1.351078940009915 0.008317000957632527 0.002063689561851989 0.007794875985792741 0.01384947209036098 0.883667565426152
 0.7788142646109754 0.002535980189884597 -0.008767097963930987 -0.6146243895761003 0.6081934179447418 -0.352510673559685
 0.7788142647122722 0.002535979971300262 -0.00876709818132269 -0.6146243895575934 0.6081934179584494 -0.3525106734323888
 -0.8169749753795137 0.009677800194078805 -0.007061362427735121 -0.6140533630575208 0.6204657756899503 0.3736055068715121
 0.7788142646068523 0.002535980197598088 -0.008767097955548106 -0.6146243895758946 0.6081934179408772 -0.3525106735596821
 1.351083168141533 -0.008317406414852608 -0.002064039764247448 -0.007796136459122741 -0.01384952536089327 -0.8836629089568495
 -0.8169749764675399 0.009677800202962248 -0.007061362405030369 -0.6140533624956797 0.620465776283337 0.3736055057261293
 -0.7788157541493249 -0.002535750026410264 0.008767380084094971 0.6146242880517144 -0.6081923797223205 0.3525096979777129
 -0.7788157541238946 -0.002535750091439302 0.008767380012675696 0.6146242880560978 -0.6081923797155439 0.3525096980071549
 0.7788140298364264 0.002536052518839233 -0.008767029279993883 -0.6146243062555671 0.6081934991188021 -0.3525109299896911
 0.8169724279558158 -0.009676938788380931 0.007062253595666155 0.6140546700706563 -0.6204631538016309 -0.3736072693476763
 1.35108316847378 -0.008317406396835656 -0.00206403975502003 -0.007796136574150861 -0.01384952547046297 -0.8836629086624724
 -1.351078893019452 0.00831700616454608 0.002063692684755087 0.007794852876013485 0.0138494491819014 0.8836676024039321
 0.8169722558791397 -0.009676905406434932 0.007062288938176008 0.6140547542223309 -0.6204630658557064 -0.3736074499314621
 -0.7788157537712467 -0.002535752100455569 0.008767377779140901 0.6146242884844687 -0.6081923793037176 0.3525096984886099
 0.7788142646838202 0.002535980095092037 -0.008767098050788036 -0.6146243895824621 0.6081934179370867 -0.3525106734704899
 0.8169723052065861 -0.009676916307558117 0.007062277481602628 0.6140547304683586 -0.62046309069276 -0.3736073980828376
 -1.351078931164589 0.008317002646750013 0.002063691898351028 0.007794870852163082 0.01384946699254821 0.88366757210821
 0.7788142622118063 0.002535990386152507 -0.00876708598463494 -0.6146243916800352 0.6081934159033325 -0.3525106767604023
 0.7788142636639218 0.002535982490216275 -0.008767095541687375 -0.6146243898239031 0.6081934176986128 -0.3525106747083573
 -0.8169749860675172 0.009677801140733352 -0.007061361349608399 -0.6140533577410856 0.6204657812339919 0.3736054956336587
 1.351083168421557 -0.008317406359659983 -0.0020640397150214 -0.007796136533640139 -0.01384952543059377 -0.8836629086965352
 1.351083168186251 -0.008317406325634297 -0.002064039682413256 -0.007796136454492567 -0.01384952535838102 -0.8836629089024527
 -0.8169750103415 0.009677802897445194 -0.007061359291995519 -0.6140533455448931 0.6204657939482552 0.3736054701388974
 0.7788142647933856 0.00253597983387011 -0.008767098341527994 -0.6146243895534743 0.6081934179671256 -0.3525106733365712
 0.8169722447347914 -0.009676902844282608 0.007062291625448025 0.6140547595652077 -0.6204630602720012 -0.3736074616441565
 -0.7788157541685048 -0.002535750080642698 0.008767380024376856 0.6146242880777549 -0.6081923796976249 0.3525096979578584
 0.7788142646223151 0.002535980194454907 -0.008767097959011282 -0.6146243895858965 0.6081934179333206 -0.3525106735407953
 -1.351078940085588 0.008317001183854268 0.002063689694725431 0.007794876040430616 0.01384947215126508 0.8836675653934443
 -0.8169749889600334 0.00967780127241857 -0.007061361181764113 -0.6140533562667458 0.6204657827743812 0.373605492596674
 0.8169723381082418 -0.009676913064626437 0.007062280291958688 0.6140547117246369 -0.6204631102088479 -0.3736073641387346
 -0.7788157541197563 -0.002535750055851876 0.008767380052920836 0.6146242880438202 -0.6081923797340554 0.3525096980069461
 0.7788142637308471 0.002535982673125472 -0.008767095595560727 -0.6146243898730562 0.6081934176502225 -0.3525106746404533
 0.778814264623154 0.002535980178141335 -0.008767097974392698 -0.6146243895799611 0.6081934179371598 -0.3525106735317935
 -0.8169749221932825 0.009677797859744541 -0.00706136544557188 -0.6140533901983745 0.6204657474161768 0.3736055626307784
 0.7788142647773142 0.002535979783323764 -0.008767098388855379 -0.6146243895333021 0.6081934179859473 -0.352510673345956
 -1.35107894008228 0.008317000971028233 0.002063689574118013 0.007794876011011968 0.01384947211816254 0.8836675653616416
 0.8169723136107884 -0.009676918225251593 0.007062275469204987 0.6140547264386855 -0.6204630949042456 -0.3736073892411774
 1.351083168472851 -0.008317406368008604 -0.002064039724231738 -0.00779613655160063 -0.01384952544917803 -0.8836629086538256
 0.7788142646360563 0.002535980198486065 -0.008767097953652705 -0.6146243895892145 0.608193417931014 -0.3525106735267191
 -0.816974972810373 0.009677799758893501 -0.007061362893179096 -0.6140533642757275 0.620465774421971 0.3736055095807198
 -0.778815754135172 -0.002535750088706087 0.008767380015900106 0.6146242880652686 -0.6081923797090838 0.3525096979940194
 0.778814264581932 0.002535980217620146 -0.008767097933848576 -0.614624389573126 0.6081934179443285 -0.3525106735845943
 -0.8169746963406236 0.009677734797246939 -0.007061431008712205 -0.6140534903819473 0.6204656427245684 0.3736058028834418
 0.778814264777414 0.002535979830122927 -0.008767098345460345 -0.61462438954714 0.6081934179702325 -0.3525106733463066
 1.351083168058826 -0.008317406722556398 -0.002064040183178531 -0.007796136326788972 -0.013849525229929 -0.8836629089947239
 0.7788142646164281 0.002535980193813679 -0.008767097958729837 -0.6146243895826038 0.6081934179367418 -0.3525106735419255
 0.816972110305186 -0.009676871782601374 0.007062324194203506 0.6140548239024807 -0.6204629929972445 -0.3736076030392523
 0.7788142646104294 0.002535980195177077 -0.008767097958190896 -0.6146243895759784 0.6081934179419342 -0.3525106735518472
 1.351083168413922 -0.008317406396354945 -0.002064039753536613 -0.007796136558183637 -0.01384952545790612 -0.8836629087175957
 -0.7788157542551418 -0.002535749784451033 0.008767380343174706 0.6146242880368489 -0.6081923797407746 0.3525096978512055
 -0.7788157542108333 -0.002535750051584081 0.008767380056245491 0.6146242880887061 -0.6081923796874129 0.352509697914907
 0.8169722863788126 -0.0096769123095885 0.007062281692452858 0.6140547395774303 -0.620463081168424 -0.373607417860045
 1.351083168363488 -0.008317406356900339 -0.002064039709722936 -0.007796136508605199 -0.01384952540593299 -0.8836629087412303
 -1.351078940138578 0.008317000978320138 0.002063689585753261 0.007794876025737913 0.01384947213060024 0.8836675653191701
 0.8169722581045642 -0.009676905919570204 0.007062288400107829 0.6140547531560007 -0.6204630669711508 -0.3736074475883552
 -0.7788157541763951 -0.00253575000965387 0.008767380102100899 0.6146242880637819 -0.6081923797107535 0.3525096979403284
 0.8169722483978882 -0.009676903687777126 0.007062290740876088 0.6140547578104304 -0.6204630621062321 -0.3736074577944036
