# Created by Octave 4.0.0, Fri Jun 03 12:48:13 2016 Nepal Standard Time <unknown@sarasumit-PC>
# name: Theta2
# type: matrix
# rows: 3
# columns: 101
 2.109545991857369 0.8831298814054223 -0.6335134687504445 0.8831298814189745 -0.8831320877653926 -0.6335134687269245 -0.6335134693189264 0.6335154007445628 -0.8831320877501909 -0.8831320876682179 -0.3567441124196673 -0.8831320877589091 -0.6335134688460572 -0.3567441134868138 0.8831298814260666 0.8831298814504602 -0.8831323038629573 0.3567404802181583 -0.6335134686130738 0.6335154371686235 0.3567403093595666 0.8831298817317906 -0.8831320876896104 0.3567403583144718 0.6335154078031024 -0.8831320896757798 -0.8831320885694838 -0.3567441229697861 -0.6335134686619922 -0.6335134688315484 -0.3567441469420553 -0.8831320875948185 0.3567402982939712 0.8831298814081195 -0.8831320877448795 0.6335154006630356 -0.3567441258235248 0.3567403911348139 0.883129881454396 -0.8831320885048753 -0.8831320877504464 -0.3567440598591845 -0.8831320876151488 0.633515400695302 0.3567403666520609 -0.633513468624463 -0.8831320877316861 -0.3567441098823304 0.8831298814391977 -0.8831320877831625 -0.3567438377377626 -0.8831320876161026 -0.6335134689236298 -0.883132087753835 0.3567401649108827 -0.883132087757899 -0.6335134686543923 0.8831298813312329 0.8831298813662747 0.3567403396247957 -0.6335134687081756 0.633515400649563 0.3567403115659172 0.8831298814060953 0.3567403019311236 0.8831298814874095 -0.3567441105051158 -0.6335134686131607 0.6335154005578355 -0.633513468884401 -0.3567441149518286 0.8831298814571502 0.6335154007273164 -0.6335134686256451 -0.8831320877032578 0.3567402682808593 -0.8831320877558422 -0.8831320877286716 0.3567403637502755 0.3567403465687624 0.6335154005065923 0.633515400652185 -0.356696633142055 0.3567404812679919 -0.6335134691662397 -0.3567441070333742 0.8831298814167671 0.3567403335955189 0.3567398802018097 -0.3567441101035771 0.3567402942653036 0.8831298814568488 0.3567403416071505 0.8831298814504809 -0.8831320877534795 -0.3567441097701562 -0.88313208770818 -0.6335134707355392 -0.6335134686306695 -0.3567441111050256 0.3567403394358774
 -0.2548323458694822 -0.3824354696614883 -0.6289015990382092 -0.382435469645465 0.3824338844764144 -0.6289015990146988 -0.6289015996080489 0.6289040605013404 0.3824338844900427 0.3824338845771146 0.9113974427327145 0.3824338844849666 -0.6289015991347935 0.9113974416809428 -0.3824354696410854 -0.3824354696185744 0.3824336698307894 -0.9114004555476952 -0.6289015989048479 0.6289040969917106 -0.9114006224483121 -0.3824354693159955 0.3824338845521442 -0.9114005746432862 0.6289040675832389 0.3824338824815455 0.3824338836615961 0.9113974324174096 -0.6289015989532621 -0.6289015991176897 0.9113974089748053 0.3824338846467854 -0.9114006332494381 -0.3824354696576956 0.3824338844968663 0.628904060413092 0.9113974296221847 -0.9114005424558702 -0.3824354696089853 0.3824338837241126 0.382433884493111 0.9113974941429366 0.3824338846277838 0.628904060449108 -0.9114005665043651 -0.628901598914848 0.3824338845090324 0.9113974452073849 -0.3824354696274742 0.3824338844600159 0.9113977106964976 0.3824338846284102 -0.6289015992128431 0.3824338844876874 -0.9114007634758916 0.3824338844848627 -0.6289015989432721 -0.3824354697336519 -0.382435469699071 -0.9114005928970793 -0.6289015989993297 0.62890406040534 -0.9114006202937193 -0.382435469660715 -0.9114006296989237 -0.3824354695777675 0.9113974446016762 -0.628901598904288 0.6289040603106437 -0.628901599172015 0.9113974402522163 -0.3824354696090983 0.628904060479818 -0.6289015989156443 0.3824338845367616 -0.9114006625544994 0.3824338844886906 0.3824338845129436 -0.9114005693390669 -0.9114005861148626 0.6289040602623408 0.6289040604091132 0.9114435735041031 -0.9114004545211153 -0.6289015994562729 0.9113974480064865 -0.3824354696471286 -0.911400598785285 -0.9114010417092302 0.9113974449978818 -0.9114006371828802 -0.3824354695981513 -0.9114005909601955 -0.3824354696177903 0.3824338844874146 0.9113974453167504 0.382433884534006 -0.6289016010241986 -0.6289015989203677 0.9113974440130381 -0.9114005930811391
 -18.36705726708411 -4.018506475818287e-005 -2.688372532703011e-005 -4.018506475840989e-005 -3.422719170897637e-005 -2.688372532628459e-005 -2.688372531872528e-005 -4.752859331643325e-005 -3.422719170912266e-005 -3.422719170816317e-005 -3.275557349470071e-005 -3.422719170906697e-005 -2.688372532553884e-005 -3.275557347999103e-005 -4.018506475846261e-005 -4.018506475870842e-005 -3.422719003789099e-005 -4.165666683088564e-005 -2.688372532939891e-005 -4.752859400231179e-005 -4.165666436947916e-005 -4.018506476436379e-005 -3.422719170812698e-005 -4.165666508021876e-005 -4.752859344181935e-005 -3.422719153925713e-005 -3.422719170500966e-005 -3.275557334813655e-005 -2.688372532743632e-005 -2.68837253241151e-005 -3.275557301659422e-005 -3.422719171062029e-005 -4.165666420843974e-005 -4.018506475822303e-005 -3.422719170926592e-005 -4.752859331194405e-005 -3.275557330886742e-005 -4.165666551630782e-005 -4.018506475878477e-005 -3.422719166585797e-005 -3.422719170899997e-005 -3.275557421743456e-005 -3.422719171044719e-005 -4.752859331529706e-005 -4.165666520154027e-005 -2.688372532826126e-005 -3.422719170925527e-005 -3.275557353028808e-005 -4.018506475847544e-005 -3.422719170884245e-005 -3.275557744278212e-005 -3.422719171045756e-005 -2.688372532627446e-005 -3.422719170909792e-005 -4.165666226720398e-005 -3.422719170908235e-005 -2.688372532874098e-005 -4.018506475753496e-005 -4.018506475776536e-005 -4.165666480953974e-005 -2.688372532649777e-005 -4.752859331444499e-005 -4.165666440162372e-005 -4.018506475816204e-005 -4.165666426142277e-005 -4.01850647592208e-005 -3.275557352108555e-005 -2.688372532864624e-005 -4.752859331245267e-005 -2.688372532448008e-005 -3.275557345971645e-005 -4.018506475887841e-005 -4.752859331567306e-005 -2.688372532845259e-005 -3.422719170962606e-005 -4.165666377151056e-005 -3.422719170914618e-005 -3.422719170940973e-005 -4.165666515937911e-005 -4.165666490983843e-005 -4.752859331000451e-005 -4.752859331453026e-005 -3.275619502486984e-005 -4.165666684677911e-005 -2.688372531963069e-005 -3.275557356800414e-005 -4.01850647582701e-005 -4.165666472169297e-005 -4.16566581946064e-005 -3.275557352660601e-005 -4.165666414985797e-005 -4.018506476394357e-005 -4.165666483831155e-005 -4.01850647587482e-005 -3.422719170910502e-005 -3.275557353170938e-005 -3.422719170780896e-005 -2.688372529742901e-005 -2.688372532823601e-005 -3.275557351302849e-005 -4.165666480673351e-005


